      0/99     1.97G    0.0936   0.02805   0.02446    0.1461         4       640    0.7586    0.2537    0.2656   0.06994   0.06628   0.02119   0.01698
      1/99     1.97G   0.07535   0.02018   0.01344     0.109         3       640    0.3508    0.3413    0.3218    0.0972   0.06321   0.01511  0.009156
      2/99     1.97G   0.07508   0.01745   0.01059    0.1031         3       640    0.1662    0.6267    0.4276    0.1424   0.06489   0.01182  0.007357
      3/99     1.97G   0.06582    0.0157  0.007033   0.08855         3       640    0.2335    0.7214    0.5431    0.2033   0.05361   0.01157   0.00469
      4/99     1.97G   0.05836   0.01517  0.005693   0.07922         6       640    0.3575    0.7946    0.7163    0.2672   0.04689   0.01206  0.004143
      5/99     1.97G   0.05221   0.01585  0.005278   0.07333         6       640    0.3492    0.7939    0.7096    0.3059   0.04334   0.01159  0.004465
      6/99     1.97G   0.05223   0.01531  0.005142   0.07268         3       640    0.4101    0.7907    0.6522    0.2373    0.0456   0.01233  0.005349
      7/99     1.97G   0.04736   0.01504  0.004476   0.06687         6       640    0.3709    0.7838    0.7042    0.2917   0.04352   0.01195  0.004163
      8/99     1.97G   0.04969   0.01537  0.004638    0.0697         3       640    0.4474    0.8028    0.7774    0.3529   0.04179   0.01128  0.004472
      9/99     1.97G   0.04669   0.01464  0.004884   0.06621         4       640    0.3571    0.7838    0.6692    0.2397   0.04315   0.01158  0.004803
     10/99     1.97G   0.04533   0.01401  0.004097   0.06343         3       640    0.3622    0.7838    0.7038     0.304   0.04397   0.01131  0.003029
     11/99     1.97G   0.04541   0.01445  0.004449   0.06431         6       640    0.4364    0.8122    0.7532    0.3225   0.04096   0.01125  0.003108
     12/99     1.97G   0.04371   0.01339  0.003775   0.06087         4       640    0.5127    0.7967    0.7489    0.3092   0.04084   0.01162  0.003108
     13/99     1.97G   0.04522   0.01471  0.004271    0.0642         9       640    0.4597    0.8229    0.7643    0.3075   0.04206   0.01105  0.003566
     14/99     1.97G   0.04304   0.01425   0.00344   0.06073         3       640    0.4247    0.7645    0.7004    0.3111   0.04306   0.01302  0.004171
     15/99     1.97G   0.04373   0.01439  0.003655   0.06177         3       640    0.4448    0.8168     0.773    0.3154   0.04124   0.01141  0.003482
     16/99     1.97G   0.04252   0.01423  0.003003   0.05975         3       640    0.5023    0.8473    0.8064     0.321   0.03963   0.01093  0.002717
     17/99     1.97G   0.04157   0.01386  0.003423   0.05886         4       640    0.5477    0.8061    0.7806     0.342   0.03807   0.01089  0.003071
     18/99     1.97G   0.03959   0.01353  0.003181    0.0563         3       640    0.5005    0.8351    0.7995    0.3701   0.03829   0.01081  0.003291
     19/99     1.97G   0.04171    0.0134  0.003024   0.05813         5       640    0.4926    0.8398    0.8283      0.39   0.03671  0.009781  0.003265
     20/99     1.97G    0.0392   0.01289  0.002797   0.05489         5       640     0.504    0.8512    0.8153    0.3865   0.03737   0.01001  0.002239
     21/99     1.97G   0.03891   0.01246  0.003055   0.05443         6       640    0.5293     0.841    0.8185    0.3603   0.03809   0.01074  0.002651
     22/99     1.97G   0.03774   0.01325  0.002808    0.0538         4       640    0.5159    0.8183    0.7931    0.3761   0.03922   0.01049  0.002796
     23/99     1.97G   0.03721   0.01224  0.002226   0.05167         6       640    0.6151    0.8283    0.8075    0.3998   0.03582   0.01016  0.003046
     24/99     1.97G   0.03714   0.01258  0.002335   0.05205         6       640    0.6347    0.8331    0.8178     0.405   0.03639  0.009933  0.002936
     25/99     1.97G   0.03584   0.01222  0.002531   0.05059         6       640    0.6641    0.8451    0.8461    0.4347   0.03429  0.009873  0.002654
     26/99     1.97G   0.03649   0.01225  0.002526   0.05126         4       640    0.5423    0.8379    0.8407    0.4326   0.03477  0.009947  0.002992
     27/99     1.97G   0.03604   0.01182  0.002455   0.05031         7       640    0.5928    0.8634    0.8482    0.4422   0.03445   0.00967  0.003118
     28/99     1.97G   0.03615   0.01191  0.002267   0.05033         5       640    0.5563    0.8241    0.8194    0.3965   0.03634  0.009562  0.002557
     29/99     1.97G   0.03467   0.01194  0.002161   0.04877         4       640    0.6229    0.8466    0.8461    0.4264   0.03546  0.009369  0.002659
     30/99     1.97G   0.03423   0.01187    0.0018    0.0479         6       640    0.6051    0.8505    0.8371    0.4276   0.03563  0.009194   0.00348
     31/99     1.97G   0.03282   0.01123  0.001903   0.04595         6       640     0.624    0.8903    0.8658    0.4235   0.03496  0.009299  0.002507
     32/99     1.97G   0.03361   0.01134  0.002285   0.04723        10       640    0.6608    0.8849     0.879      0.47   0.03425  0.009047  0.001866
     33/99     1.97G   0.03212   0.01115  0.001872   0.04514         5       640     0.612    0.8438     0.831    0.4324   0.03478  0.009144  0.004768
     34/99     1.97G   0.03359   0.01139  0.001839   0.04682         1       640    0.6101    0.8688    0.8593    0.4503   0.03435  0.009305  0.002239
     35/99     1.97G   0.03198    0.0112  0.001864   0.04504         2       640    0.6332    0.8796    0.8687     0.467   0.03437  0.009404  0.003047
     36/99     1.97G   0.03253   0.01095  0.001817   0.04529         3       640    0.6501    0.8681    0.8726    0.4865   0.03326  0.009399   0.00284
     37/99     1.97G   0.03149   0.01086  0.001793   0.04414         6       640    0.6705    0.8849    0.8866    0.4853   0.03305  0.009126  0.002413
     38/99     1.97G   0.03049   0.01023  0.001492   0.04221         7       640    0.6338    0.8781    0.8772    0.4599     0.034  0.009164  0.002253
     39/99     1.97G   0.03015   0.01043  0.001492   0.04207         6       640    0.6141    0.8728    0.8676    0.4867    0.0329  0.009127    0.0018
     40/99     1.97G   0.03051   0.01073  0.001658    0.0429         3       640    0.6603    0.8942    0.8953    0.4835   0.03334  0.009157   0.00197
     41/99     1.97G   0.02975   0.01049  0.001227   0.04147         3       640    0.6523    0.8505    0.8623    0.4762   0.03393  0.009124   0.00198
     42/99     1.97G   0.02909  0.009907  0.001363   0.04036         4       640    0.7465    0.8633    0.8705    0.4721   0.03255  0.009045   0.00209
     43/99     1.97G   0.02811  0.009683  0.001207     0.039         9       640    0.6561    0.8751    0.8734    0.4882   0.03241  0.008954   0.00194
     44/99     1.97G    0.0287   0.01002  0.001242   0.03997         5       640    0.7334    0.8866    0.8961    0.4784   0.03263  0.009111  0.001851
     45/99     1.97G   0.02922  0.009692  0.001533   0.04044         7       640    0.7152    0.8857    0.9026    0.5073   0.03136  0.008697   0.00203
     46/99     1.97G   0.02719  0.009502   0.00148   0.03817         2       640    0.6607    0.8835    0.8724    0.4823   0.03258  0.008678  0.002401
     47/99     1.97G   0.02772   0.00988  0.001107   0.03871         2       640    0.6363     0.895    0.8893    0.5027   0.03108  0.008743  0.001914
     48/99     1.97G   0.02682  0.009659  0.001216    0.0377         3       640    0.7054     0.862     0.876     0.505   0.03112  0.008595  0.001731
     49/99     1.97G   0.02778   0.00965  0.001428   0.03886        11       640    0.6342    0.8666    0.8744    0.4963   0.03245  0.008619  0.001863
     50/99     1.97G   0.02664  0.009188  0.001482   0.03731         3       640     0.595    0.8903    0.8827    0.4792   0.03255  0.009204  0.002122
     51/99     1.97G   0.02639  0.009584  0.001111   0.03709         6       640    0.6632    0.8849    0.8746    0.5068   0.03154  0.008968  0.001994
     52/99     1.97G   0.02614  0.009593  0.001201   0.03694         5       640    0.6856    0.9011    0.8936    0.5101   0.03062  0.008943  0.001878
     53/99     1.97G   0.02483  0.009334  0.000976   0.03514         3       640    0.7113    0.9172    0.9209    0.5197   0.03036  0.008738  0.001919
     54/99     1.97G   0.02513  0.009592 0.0009387   0.03566         9       640    0.6834    0.8957    0.8924    0.5001    0.0307  0.008655   0.00246
     55/99     1.97G   0.02465  0.008959 0.0009604   0.03457         2       640    0.7197    0.8957    0.9059    0.5251   0.02974  0.008932  0.002438
     56/99     1.97G   0.02472   0.00876  0.001157   0.03464         5       640    0.6978    0.9118    0.9111     0.534   0.02938  0.008479  0.002796
     57/99     1.97G   0.02462  0.008991  0.001075   0.03469         7       640    0.6639    0.9111    0.9122    0.5235   0.02955  0.008441  0.001807
     58/99     1.97G   0.02414   0.00899   0.00123   0.03436         7       640    0.7477    0.9057    0.9186    0.5307   0.02938  0.008676  0.001642
     59/99     1.97G   0.02401  0.009153 0.0009695   0.03413         9       640    0.7099    0.9149    0.9097    0.5221   0.02991  0.008674  0.001667
     60/99     1.97G   0.02358  0.008673  0.001061   0.03332         3       640    0.7288    0.9133    0.9252    0.5362   0.02929  0.008458   0.00175
     61/99     1.97G   0.02372  0.008866  0.001139   0.03373         7       640    0.7103    0.9089     0.916    0.5366   0.02977  0.008629  0.001982
     62/99     1.97G   0.02286  0.008456 0.0009091   0.03222         7       640    0.7252    0.9011    0.9173    0.5536   0.02885  0.008699   0.00204
     63/99     1.97G   0.02306  0.008635  0.001071   0.03276         6       640     0.741    0.9111    0.9244    0.5605   0.02866  0.008786  0.002338
     64/99     1.97G   0.02278  0.008509 0.0009117    0.0322        10       640    0.7167    0.9057    0.9095    0.5501   0.02877  0.008811  0.001964
     65/99     1.97G   0.02305  0.008588  0.001097   0.03273         2       640    0.6467    0.9272    0.9186    0.5483    0.0288  0.008732  0.002209
     66/99     1.97G   0.02239  0.008592 0.0009933   0.03198         8       640    0.6905    0.9165    0.9178    0.5427   0.02917  0.008861  0.002095
     67/99     1.97G   0.02124  0.008301  0.001057    0.0306         4       640    0.7258    0.9011    0.8969    0.5541   0.02881  0.008849  0.002024
     68/99     1.97G   0.02194  0.008217 0.0008516   0.03101         5       640    0.7617    0.9186    0.9111    0.5388   0.02919  0.008655   0.00239
     69/99     1.97G   0.02131  0.008087   0.00114   0.03054         6       640    0.7249    0.9287    0.9204    0.5622   0.02844  0.008647  0.002334
     70/99     1.97G   0.02136  0.008164 0.0006875   0.03021         7       640    0.6513    0.9455    0.9255    0.5464   0.02889  0.008548  0.002086
     71/99     1.97G   0.02098  0.008178 0.0008391   0.02999         4       640    0.6951    0.9333    0.9274    0.5551   0.02895  0.008595  0.002097
     72/99     1.97G   0.02075  0.008406 0.0008987   0.03006         4       640    0.7046    0.9089    0.9171    0.5515   0.02839  0.008608  0.001852
     73/99     1.97G   0.02017  0.007843 0.0007615   0.02878         9       640    0.7785    0.9233    0.9228    0.5809   0.02736  0.008562  0.002045
     74/99     1.97G   0.02048  0.008408 0.0008447   0.02973         7       640    0.7522    0.9179    0.9184    0.5652   0.02799  0.008588  0.002214
     75/99     1.97G   0.01995   0.00751  0.000968   0.02843         6       640    0.7332    0.9237    0.9353    0.5615   0.02837  0.008578  0.002277
     76/99     1.97G   0.02002  0.007766 0.0008517   0.02864         3       640    0.7532     0.934    0.9328    0.5677   0.02779  0.008465  0.002203
     77/99     1.97G   0.01965  0.007567 0.0008525   0.02807         2       640    0.7481    0.9387    0.9427    0.5726   0.02804   0.00849  0.002024
     78/99     1.97G   0.01974  0.007865  0.000723   0.02832         6       640    0.7472    0.9333     0.939    0.5654   0.02794  0.008519  0.001901
     79/99     1.97G   0.01922  0.007294 0.0006854    0.0272         3       640    0.7198    0.9401    0.9303    0.5714    0.0281  0.008601  0.001996
     80/99     1.97G   0.01938  0.007276 0.0006035   0.02725         7       640    0.7227    0.9448    0.9411    0.5714   0.02826  0.008543  0.001992
     81/99     1.97G    0.0193  0.007779 0.0005882   0.02767         5       640    0.7601    0.9448    0.9408    0.5867   0.02772   0.00843   0.00185
     82/99     1.97G   0.01853  0.007664 0.0007527   0.02694         8       640    0.7922    0.9401    0.9348    0.5713   0.02788  0.008369  0.001943
     83/99     1.97G   0.01843  0.007686 0.0007487   0.02686         5       640    0.7572    0.9348    0.9271    0.5757   0.02741  0.008355   0.00198
     84/99     1.97G   0.01842  0.007622 0.0009808   0.02702         9       640    0.7044     0.934    0.9206    0.5776   0.02749  0.008294  0.002216
     85/99     1.97G   0.01863  0.007399 0.0005875   0.02662         6       640    0.7428     0.934    0.9251    0.5795   0.02701  0.008337  0.002159
     86/99     1.97G   0.01851  0.007214   0.00059   0.02631         8       640    0.7686    0.9555    0.9401     0.591   0.02691  0.008158  0.002213
     87/99     1.97G   0.01859  0.007358 0.0006044   0.02655         2       640    0.7012    0.9218    0.9232    0.5786   0.02761  0.008533  0.002232
     88/99     1.97G   0.01863  0.007559 0.0006179   0.02681         5       640    0.7681    0.9226    0.9253     0.583   0.02736  0.008439  0.002247
     89/99     1.97G   0.01859  0.007373 0.0006946   0.02666         4       640    0.7614    0.9333    0.9341    0.5907   0.02682  0.008187  0.002132
     90/99     1.97G   0.01768   0.00725 0.0007403   0.02567         6       640    0.7608    0.9401    0.9294    0.5919   0.02664  0.008257  0.002042
     91/99     1.97G   0.01801  0.007277 0.0006526   0.02594         3       640    0.7253    0.9509    0.9429    0.5946   0.02638  0.008217  0.002073
     92/99     1.97G   0.01767  0.006896 0.0005994   0.02516         4       640    0.7791    0.9429    0.9501    0.6124   0.02611  0.008274  0.002217
     93/99     1.97G    0.0176  0.006916 0.0006602   0.02518         4       640    0.7656    0.9226     0.923    0.5993   0.02611  0.008302  0.002181
     94/99     1.97G   0.01747  0.007337  0.000706   0.02551         2       640    0.7682    0.9448    0.9476     0.598   0.02585  0.008315  0.002158
     95/99     1.97G    0.0174  0.007169 0.0007047   0.02527         4       640     0.784    0.9405    0.9392     0.594   0.02626  0.008193  0.002393
     96/99     1.97G   0.01748  0.006777 0.0006714   0.02493         4       640    0.7536    0.9548    0.9461    0.5888    0.0264  0.008278  0.002426
     97/99     1.97G   0.01732  0.007005  0.000581   0.02491         6       640    0.7468    0.9548    0.9451    0.5958   0.02595  0.008366    0.0022
     98/99     1.97G   0.01739    0.0071 0.0006428   0.02513         2       640    0.7655    0.9438     0.934     0.597   0.02637  0.008378  0.002278
     99/99     1.97G   0.01679  0.007143 0.0005138   0.02444         9       640    0.7635    0.9596    0.9501     0.595   0.02629  0.008265   0.00219
